2.477751E+04   1.000000E+10
2.703002E+04   9.999999E+09
3.153502E+04   9.999998E+09
3.604002E+04   9.999996E+09
4.054502E+04   9.999993E+09
4.505003E+04   9.999990E+09
4.955503E+04   9.999986E+09
5.406003E+04   9.999982E+09
5.856503E+04   9.999977E+09
6.307004E+04   9.999972E+09
6.757504E+04   9.999967E+09
7.208004E+04   9.999961E+09
7.658504E+04   9.999954E+09
8.109005E+04   9.999947E+09
8.559505E+04   9.999940E+09
9.010005E+04   9.999933E+09
9.460505E+04   9.999925E+09
9.911006E+04   9.999916E+09
1.036151E+05   9.999907E+09
1.081201E+05   9.999898E+09
1.126251E+05   9.999888E+09
1.171301E+05   9.999878E+09
1.216351E+05   9.999868E+09
1.261401E+05   9.999857E+09
1.306451E+05   9.999845E+09
1.351501E+05   9.999834E+09
1.396551E+05   9.999821E+09
1.441601E+05   9.999809E+09
1.486651E+05   9.999796E+09
1.531701E+05   9.999783E+09
1.576751E+05   9.999769E+09
1.621801E+05   9.999755E+09
1.666851E+05   9.999740E+09
1.711901E+05   9.999725E+09
1.756951E+05   9.999710E+09
1.802001E+05   9.999694E+09
1.847051E+05   9.999678E+09
1.892101E+05   9.999661E+09
1.937151E+05   9.999644E+09
1.982201E+05   9.999627E+09
2.027251E+05   9.999609E+09
2.072301E+05   9.999591E+09
2.117351E+05   9.999573E+09
2.162401E+05   9.999554E+09
2.207451E+05   9.999534E+09
2.252501E+05   9.999514E+09
2.297551E+05   9.999494E+09
2.342601E+05   9.999474E+09
2.387651E+05   9.999453E+09
2.432701E+05   9.999431E+09
2.477751E+05   9.999410E+09
2.522801E+05   9.999387E+09
2.567851E+05   9.999365E+09
2.612901E+05   9.999342E+09
2.657951E+05   9.999319E+09
2.703002E+05   9.999295E+09
2.748052E+05   9.999271E+09
2.793102E+05   9.999246E+09
2.838152E+05   9.999221E+09
2.883202E+05   9.999196E+09
2.928252E+05   9.999170E+09
2.973302E+05   9.999144E+09
3.018352E+05   9.999117E+09
3.063402E+05   9.999090E+09
3.108452E+05   9.999063E+09
3.153502E+05   9.999035E+09
3.198552E+05   9.999007E+09
3.243602E+05   9.998978E+09
3.288652E+05   9.998949E+09
3.333702E+05   9.998920E+09
3.378752E+05   9.998890E+09
3.423802E+05   9.998860E+09
3.468852E+05   9.998829E+09
3.513902E+05   9.998798E+09
3.558952E+05   9.998767E+09
3.604002E+05   9.998735E+09
3.649052E+05   9.998703E+09
3.694102E+05   9.998670E+09
3.739152E+05   9.998637E+09
3.784202E+05   9.998604E+09
3.829252E+05   9.998570E+09
3.874302E+05   9.998536E+09
3.919352E+05   9.998501E+09
3.964402E+05   9.998466E+09
4.009452E+05   9.998431E+09
4.054502E+05   9.998395E+09
4.099552E+05   9.998359E+09
4.144602E+05   9.998323E+09
4.189652E+05   9.998286E+09
4.234702E+05   9.998248E+09
4.279752E+05   9.998210E+09
4.324802E+05   9.998172E+09
4.369852E+05   9.998134E+09
4.414902E+05   9.998095E+09
4.459953E+05   9.998055E+09
4.505003E+05   9.998015E+09
4.550053E+05   9.997975E+09
4.595103E+05   9.997935E+09
4.640153E+05   9.997894E+09
4.685203E+05   9.997852E+09
4.730253E+05   9.997811E+09
4.775303E+05   9.997768E+09
4.820353E+05   9.997726E+09
4.865403E+05   9.997683E+09
4.910453E+05   9.997639E+09
4.955503E+05   9.997596E+09
5.000553E+05   9.997551E+09
5.045603E+05   9.997507E+09
5.090653E+05   9.997462E+09
5.135703E+05   9.997417E+09
5.180753E+05   9.997371E+09
5.225803E+05   9.997325E+09
5.270853E+05   9.997278E+09
5.315903E+05   9.997231E+09
5.360953E+05   9.997184E+09
5.406003E+05   9.997136E+09
5.451053E+05   9.997088E+09
5.496103E+05   9.997039E+09
5.541153E+05   9.996990E+09
5.586203E+05   9.996941E+09
5.631253E+05   9.996891E+09
5.676303E+05   9.996841E+09
5.721353E+05   9.996790E+09
5.766403E+05   9.996739E+09
5.811453E+05   9.996688E+09
5.856503E+05   9.996636E+09
5.901553E+05   9.996584E+09
5.946603E+05   9.996531E+09
5.991653E+05   9.996478E+09
6.036703E+05   9.996425E+09
6.081753E+05   9.996371E+09
6.126803E+05   9.996317E+09
6.171853E+05   9.996263E+09
6.216904E+05   9.996208E+09
6.261954E+05   9.996152E+09
6.307004E+05   9.996096E+09
6.352054E+05   9.996040E+09
6.397104E+05   9.995984E+09
6.442154E+05   9.995927E+09
6.487204E+05   9.995869E+09
6.532254E+05   9.995812E+09
6.577304E+05   9.995753E+09
6.622354E+05   9.995695E+09
6.667404E+05   9.995636E+09
6.712454E+05   9.995577E+09
6.757504E+05   9.995517E+09
6.802554E+05   9.995457E+09
6.847604E+05   9.995396E+09
6.892654E+05   9.995335E+09
6.937704E+05   9.995274E+09
6.982754E+05   9.995212E+09
7.027804E+05   9.995150E+09
7.072854E+05   9.995087E+09
7.117904E+05   9.995024E+09
7.162954E+05   9.994961E+09
7.208004E+05   9.994897E+09
7.253054E+05   9.994833E+09
7.298104E+05   9.994768E+09
7.343154E+05   9.994704E+09
7.388204E+05   9.994638E+09
7.433254E+05   9.994572E+09
7.478304E+05   9.994506E+09
7.523354E+05   9.994440E+09
7.568404E+05   9.994373E+09
7.613454E+05   9.994305E+09
7.658504E+05   9.994238E+09
7.703554E+05   9.994170E+09
7.748604E+05   9.994101E+09
7.793654E+05   9.994032E+09
7.838704E+05   9.993963E+09
7.883754E+05   9.993893E+09
7.928804E+05   9.993823E+09
7.973854E+05   9.993752E+09
8.018905E+05   9.993681E+09
8.063955E+05   9.993610E+09
8.109005E+05   9.993538E+09
8.154055E+05   9.993466E+09
8.199105E+05   9.993394E+09
8.244155E+05   9.993321E+09
8.289205E+05   9.993247E+09
8.334255E+05   9.993174E+09
8.379305E+05   9.993099E+09
8.424355E+05   9.993025E+09
8.469405E+05   9.992950E+09
8.514455E+05   9.992875E+09
8.559505E+05   9.992799E+09
8.604555E+05   9.992723E+09
8.649605E+05   9.992646E+09
8.694655E+05   9.992569E+09
8.739705E+05   9.992492E+09
8.784755E+05   9.992414E+09
8.829805E+05   9.992336E+09
8.874855E+05   9.992258E+09
8.919905E+05   9.992179E+09
8.964955E+05   9.992099E+09
9.010005E+05   9.992020E+09
9.055055E+05   9.991940E+09
9.100105E+05   9.991859E+09
9.145155E+05   9.991778E+09
9.190205E+05   9.991697E+09
9.235255E+05   9.991615E+09
9.280305E+05   9.991533E+09
9.325355E+05   9.991450E+09
9.370405E+05   9.991368E+09
9.415455E+05   9.991284E+09
9.460505E+05   9.991201E+09
9.505555E+05   9.991116E+09
9.550605E+05   9.991032E+09
9.595655E+05   9.990947E+09
9.640705E+05   9.990862E+09
9.685755E+05   9.990776E+09
9.730805E+05   9.990690E+09
9.775856E+05   9.990603E+09
9.820906E+05   9.990517E+09
9.865956E+05   9.990429E+09
9.911006E+05   9.990342E+09
9.956056E+05   9.990253E+09
1.036151E+06   9.989443E+09
1.148776E+06   9.987021E+09
1.261401E+06   9.984351E+09
1.374026E+06   9.981433E+09
1.486651E+06   9.978266E+09
1.599276E+06   9.974851E+09
1.711901E+06   9.971189E+09
1.824526E+06   9.967279E+09
1.937151E+06   9.963122E+09
2.049776E+06   9.958719E+09
2.162401E+06   9.954070E+09
2.275026E+06   9.949175E+09
2.387651E+06   9.944035E+09
2.500276E+06   9.938650E+09
2.612901E+06   9.933021E+09
2.725527E+06   9.927149E+09
2.838152E+06   9.921033E+09
2.950777E+06   9.914675E+09
3.063402E+06   9.908075E+09
3.176027E+06   9.901233E+09
3.288652E+06   9.894151E+09
3.401277E+06   9.886829E+09
3.513902E+06   9.879267E+09
3.626527E+06   9.871467E+09
3.739152E+06   9.863429E+09
3.851777E+06   9.855154E+09
3.964402E+06   9.846643E+09
4.077027E+06   9.837896E+09
4.189652E+06   9.828914E+09
4.302277E+06   9.819698E+09
4.414902E+06   9.810249E+09
4.527528E+06   9.800568E+09
4.640153E+06   9.790656E+09
4.752778E+06   9.780513E+09
4.865403E+06   9.770141E+09
4.978028E+06   9.759540E+09
5.090653E+06   9.748712E+09
5.203278E+06   9.737657E+09
5.315903E+06   9.726377E+09
5.428528E+06   9.714872E+09
5.541153E+06   9.703144E+09
5.653778E+06   9.691193E+09
5.766403E+06   9.679021E+09
5.879028E+06   9.666630E+09
5.991653E+06   9.654019E+09
6.104278E+06   9.641190E+09
6.216904E+06   9.628144E+09
6.329529E+06   9.614883E+09
6.442154E+06   9.601408E+09
6.554779E+06   9.587719E+09
6.667404E+06   9.573819E+09
6.780029E+06   9.559707E+09
6.892654E+06   9.545387E+09
7.005279E+06   9.530858E+09
7.117904E+06   9.516123E+09
7.230529E+06   9.501182E+09
7.343154E+06   9.486037E+09
7.455779E+06   9.470689E+09
7.568404E+06   9.455139E+09
7.681029E+06   9.439390E+09
7.793654E+06   9.423442E+09
7.906279E+06   9.407296E+09
8.018905E+06   9.390954E+09
8.131530E+06   9.374419E+09
8.244155E+06   9.357690E+09
8.356780E+06   9.340769E+09
8.469405E+06   9.323658E+09
8.582030E+06   9.306359E+09
8.694655E+06   9.288872E+09
8.807280E+06   9.271200E+09
8.919905E+06   9.253344E+09
9.032530E+06   9.235305E+09
9.145155E+06   9.217086E+09
9.257780E+06   9.198686E+09
9.370405E+06   9.180109E+09
9.483030E+06   9.161355E+09
9.595655E+06   9.142427E+09
9.708280E+06   9.123326E+09
9.820906E+06   9.104053E+09
9.933531E+06   9.084609E+09
1.004616E+07   9.064998E+09
1.015878E+07   9.045220E+09
1.027141E+07   9.025277E+09
1.038403E+07   9.005170E+09
1.049666E+07   8.984902E+09
1.060928E+07   8.964474E+09
1.072191E+07   8.943887E+09
1.083453E+07   8.923144E+09
1.094716E+07   8.902245E+09
1.105978E+07   8.881194E+09
1.117241E+07   8.859990E+09
1.128503E+07   8.838637E+09
1.139766E+07   8.817135E+09
1.151028E+07   8.795487E+09
1.162291E+07   8.773694E+09
1.173553E+07   8.751759E+09
1.184816E+07   8.729682E+09
1.196078E+07   8.707465E+09
1.207341E+07   8.685111E+09
1.218603E+07   8.662620E+09
1.229866E+07   8.639996E+09
1.241128E+07   8.617238E+09
1.252391E+07   8.594350E+09
1.263653E+07   8.571334E+09
1.274916E+07   8.548189E+09
1.286178E+07   8.524920E+09
1.297441E+07   8.501527E+09
1.308703E+07   8.478011E+09
1.319966E+07   8.454376E+09
1.331228E+07   8.430623E+09
1.342491E+07   8.406753E+09
1.353753E+07   8.382768E+09
1.365016E+07   8.358670E+09
1.376278E+07   8.334461E+09
1.387541E+07   8.310143E+09
1.398803E+07   8.285717E+09
1.410066E+07   8.261185E+09
1.421328E+07   8.236549E+09
1.432591E+07   8.211811E+09
1.443853E+07   8.186973E+09
1.455116E+07   8.162035E+09
1.466378E+07   8.137001E+09
1.477641E+07   8.111872E+09
1.488903E+07   8.086650E+09
1.500166E+07   8.061336E+09
1.511428E+07   8.035932E+09
1.522691E+07   8.010441E+09
1.533953E+07   7.984863E+09
1.545216E+07   7.959201E+09
1.556478E+07   7.933456E+09
1.567741E+07   7.907630E+09
1.579003E+07   7.881725E+09
1.590266E+07   7.855743E+09
1.601528E+07   7.829685E+09
1.612791E+07   7.803553E+09
1.624053E+07   7.777349E+09
1.635316E+07   7.751075E+09
1.646578E+07   7.724732E+09
1.657841E+07   7.698322E+09
1.669103E+07   7.671848E+09
1.680366E+07   7.645309E+09
1.691628E+07   7.618709E+09
1.702891E+07   7.592049E+09
1.714153E+07   7.565331E+09
1.725416E+07   7.538556E+09
1.736678E+07   7.511726E+09
1.747941E+07   7.484843E+09
1.759203E+07   7.457909E+09
1.770466E+07   7.430924E+09
1.781729E+07   7.403892E+09
1.792991E+07   7.376813E+09
1.804254E+07   7.349689E+09
1.815516E+07   7.322522E+09
1.826779E+07   7.295313E+09
1.838041E+07   7.268064E+09
1.849304E+07   7.240778E+09
1.860566E+07   7.213454E+09
1.871829E+07   7.186095E+09
1.883091E+07   7.158703E+09
1.894354E+07   7.131280E+09
1.905616E+07   7.103825E+09
1.916879E+07   7.076343E+09
1.928141E+07   7.048833E+09
1.939404E+07   7.021297E+09
1.950666E+07   6.993738E+09
1.961929E+07   6.966156E+09
1.973191E+07   6.938553E+09
1.984454E+07   6.910931E+09
1.995716E+07   6.883290E+09
2.006979E+07   6.855634E+09
2.018241E+07   6.827962E+09
2.029504E+07   6.800278E+09
2.040766E+07   6.772581E+09
2.052029E+07   6.744874E+09
2.063291E+07   6.717158E+09
2.074554E+07   6.689434E+09
2.085816E+07   6.661705E+09
2.097079E+07   6.633970E+09
2.108341E+07   6.606233E+09
2.119604E+07   6.578493E+09
2.130866E+07   6.550753E+09
2.142129E+07   6.523015E+09
2.153391E+07   6.495278E+09
2.164654E+07   6.467545E+09
2.175916E+07   6.439817E+09
2.187179E+07   6.412096E+09
2.198441E+07   6.384382E+09
2.209704E+07   6.356678E+09
2.220966E+07   6.328983E+09
2.232229E+07   6.301301E+09
2.243491E+07   6.273631E+09
2.254754E+07   6.245976E+09
2.266016E+07   6.218336E+09
2.277279E+07   6.190712E+09
2.288541E+07   6.163107E+09
2.299804E+07   6.135521E+09
2.311066E+07   6.107956E+09
2.322329E+07   6.080412E+09
2.333591E+07   6.052891E+09
2.344854E+07   6.025394E+09
2.356116E+07   5.997922E+09
2.367379E+07   5.970477E+09
2.378641E+07   5.943059E+09
2.389904E+07   5.915670E+09
2.401166E+07   5.888310E+09
2.412429E+07   5.860982E+09
2.423691E+07   5.833685E+09
2.434954E+07   5.806422E+09
2.446216E+07   5.779192E+09
2.457479E+07   5.751998E+09
2.468741E+07   5.724841E+09
2.480004E+07   5.697721E+09
2.491266E+07   5.670639E+09
2.502529E+07   5.643596E+09
2.513791E+07   5.616594E+09
2.525054E+07   5.589633E+09
2.536316E+07   5.562715E+09
2.547579E+07   5.535840E+09
2.558841E+07   5.509010E+09
2.570104E+07   5.482224E+09
2.581366E+07   5.455485E+09
2.592629E+07   5.428793E+09
2.603891E+07   5.402149E+09
2.615154E+07   5.375555E+09
2.626416E+07   5.349010E+09
2.637679E+07   5.322515E+09
2.648941E+07   5.296073E+09
2.660204E+07   5.269682E+09
2.671467E+07   5.243345E+09
2.682729E+07   5.217063E+09
2.693992E+07   5.190835E+09
2.705254E+07   5.164663E+09
2.716517E+07   5.138547E+09
2.727779E+07   5.112489E+09
2.739042E+07   5.086489E+09
2.750304E+07   5.060548E+09
2.761567E+07   5.034667E+09
2.772829E+07   5.008845E+09
2.784092E+07   4.983085E+09
2.795354E+07   4.957387E+09
2.806617E+07   4.931751E+09
2.817879E+07   4.906179E+09
2.829142E+07   4.880670E+09
2.840404E+07   4.855226E+09
2.851667E+07   4.829848E+09
2.862929E+07   4.804535E+09
2.874192E+07   4.779288E+09
2.885454E+07   4.754109E+09
2.896717E+07   4.728998E+09
2.907979E+07   4.703955E+09
2.919242E+07   4.678981E+09
2.930504E+07   4.654076E+09
2.941767E+07   4.629241E+09
2.953029E+07   4.604478E+09
2.964292E+07   4.579785E+09
2.975554E+07   4.555164E+09
2.986817E+07   4.530616E+09
2.998079E+07   4.506140E+09
3.009342E+07   4.481738E+09
3.020604E+07   4.457409E+09
3.031867E+07   4.433155E+09
3.043129E+07   4.408976E+09
3.054392E+07   4.384872E+09
3.065654E+07   4.360843E+09
3.076917E+07   4.336891E+09
3.088179E+07   4.313016E+09
3.099442E+07   4.289217E+09
3.110704E+07   4.265496E+09
3.121967E+07   4.241853E+09
3.133229E+07   4.218287E+09
3.144492E+07   4.194801E+09
3.155754E+07   4.171394E+09
3.167017E+07   4.148066E+09
3.178279E+07   4.124818E+09
3.189542E+07   4.101650E+09
3.200804E+07   4.078562E+09
3.212067E+07   4.055555E+09
3.223329E+07   4.032629E+09
3.234592E+07   4.009785E+09
3.245854E+07   3.987022E+09
3.257117E+07   3.964342E+09
3.268379E+07   3.941743E+09
3.279642E+07   3.919228E+09
3.290904E+07   3.896795E+09
3.302167E+07   3.874445E+09
3.313429E+07   3.852178E+09
3.324692E+07   3.829996E+09
3.335954E+07   3.807897E+09
3.347217E+07   3.785882E+09
3.358479E+07   3.763951E+09
3.369742E+07   3.742105E+09
3.381004E+07   3.720344E+09
3.392267E+07   3.698667E+09
3.403529E+07   3.677075E+09
3.414792E+07   3.655569E+09
3.426054E+07   3.634148E+09
3.437317E+07   3.612813E+09
3.448579E+07   3.591564E+09
3.459842E+07   3.570400E+09
3.471104E+07   3.549322E+09
3.482367E+07   3.528331E+09
3.493629E+07   3.507426E+09
3.504892E+07   3.486607E+09
3.516154E+07   3.465875E+09
3.527417E+07   3.445229E+09
3.538679E+07   3.424670E+09
3.549942E+07   3.404198E+09
3.561205E+07   3.383813E+09
3.572467E+07   3.363514E+09
3.583730E+07   3.343303E+09
3.594992E+07   3.323179E+09
3.606255E+07   3.303142E+09
3.617517E+07   3.283192E+09
3.628780E+07   3.263329E+09
3.640042E+07   3.243554E+09
3.651305E+07   3.223865E+09
3.662567E+07   3.204265E+09
3.673830E+07   3.184751E+09
3.685092E+07   3.165325E+09
3.696355E+07   3.145986E+09
3.707617E+07   3.126734E+09
3.718880E+07   3.107570E+09
3.730142E+07   3.088493E+09
3.741405E+07   3.069503E+09
3.752667E+07   3.050601E+09
3.763930E+07   3.031786E+09
3.775192E+07   3.013058E+09
3.786455E+07   2.994417E+09
3.797717E+07   2.975863E+09
3.808980E+07   2.957397E+09
3.820242E+07   2.939017E+09
3.831505E+07   2.920724E+09
3.842767E+07   2.902519E+09
3.854030E+07   2.884400E+09
3.865292E+07   2.866367E+09
3.876555E+07   2.848422E+09
3.887817E+07   2.830562E+09
3.899080E+07   2.812790E+09
3.910342E+07   2.795103E+09
3.921605E+07   2.777503E+09
3.932867E+07   2.759989E+09
3.944130E+07   2.742562E+09
3.955392E+07   2.725220E+09
3.966655E+07   2.707963E+09
3.977917E+07   2.690793E+09
3.989180E+07   2.673708E+09
4.000442E+07   2.656709E+09
4.011705E+07   2.639794E+09
4.022967E+07   2.622965E+09
4.034230E+07   2.606221E+09
4.045492E+07   2.589562E+09
4.056755E+07   2.572987E+09
4.068017E+07   2.556497E+09
4.079280E+07   2.540092E+09
4.090542E+07   2.523770E+09
4.101805E+07   2.507533E+09
4.113067E+07   2.491380E+09
4.124330E+07   2.475310E+09
4.135592E+07   2.459324E+09
4.146855E+07   2.443421E+09
4.158117E+07   2.427601E+09
4.169380E+07   2.411864E+09
4.180642E+07   2.396210E+09
4.191905E+07   2.380639E+09
4.203167E+07   2.365150E+09
4.214430E+07   2.349743E+09
4.225692E+07   2.334419E+09
4.236955E+07   2.319176E+09
4.248217E+07   2.304015E+09
4.259480E+07   2.288935E+09
4.270742E+07   2.273936E+09
4.282005E+07   2.259018E+09
4.293267E+07   2.244181E+09
4.304530E+07   2.229424E+09
4.315792E+07   2.214748E+09
4.327055E+07   2.200152E+09
4.338317E+07   2.185636E+09
4.349580E+07   2.171199E+09
4.360842E+07   2.156841E+09
4.372105E+07   2.142563E+09
4.383367E+07   2.128364E+09
4.394630E+07   2.114243E+09
4.405892E+07   2.100201E+09
4.417155E+07   2.086237E+09
4.428417E+07   2.072351E+09
4.439680E+07   2.058542E+09
4.450943E+07   2.044811E+09
4.462205E+07   2.031157E+09
4.473468E+07   2.017580E+09
4.484730E+07   2.004080E+09
4.495993E+07   1.990656E+09
4.507255E+07   1.977309E+09
4.518518E+07   1.964037E+09
4.529780E+07   1.950841E+09
4.541043E+07   1.937720E+09
4.552305E+07   1.924674E+09
4.563568E+07   1.911704E+09
4.574830E+07   1.898808E+09
4.586093E+07   1.885986E+09
4.597355E+07   1.873238E+09
4.608618E+07   1.860564E+09
4.619880E+07   1.847963E+09
4.631143E+07   1.835436E+09
4.642405E+07   1.822982E+09
4.653668E+07   1.810600E+09
4.664930E+07   1.798291E+09
4.676193E+07   1.786054E+09
4.687455E+07   1.773889E+09
4.698718E+07   1.761795E+09
4.709980E+07   1.749773E+09
4.721243E+07   1.737821E+09
4.732505E+07   1.725941E+09
4.743768E+07   1.714131E+09
4.755030E+07   1.702391E+09
4.766293E+07   1.690720E+09
4.777555E+07   1.679120E+09
4.788818E+07   1.667589E+09
4.800080E+07   1.656126E+09
4.811343E+07   1.644733E+09
4.822605E+07   1.633408E+09
4.833868E+07   1.622151E+09
4.845130E+07   1.610962E+09
4.856393E+07   1.599841E+09
4.867655E+07   1.588787E+09
4.878918E+07   1.577800E+09
4.890180E+07   1.566879E+09
4.901443E+07   1.556025E+09
4.912705E+07   1.545237E+09
4.923968E+07   1.534515E+09
4.935230E+07   1.523859E+09
4.946493E+07   1.513268E+09
4.957755E+07   1.502741E+09
4.969018E+07   1.492280E+09
4.980280E+07   1.481883E+09
4.991543E+07   1.471550E+09
5.002805E+07   1.461280E+09
5.014068E+07   1.451075E+09
5.025330E+07   1.440932E+09
5.036593E+07   1.430852E+09
5.047855E+07   1.420835E+09
5.059118E+07   1.410881E+09
5.070380E+07   1.400988E+09
5.081643E+07   1.391157E+09
5.092905E+07   1.381387E+09
5.104168E+07   1.371679E+09
5.115430E+07   1.362032E+09
5.126693E+07   1.352445E+09
5.137955E+07   1.342918E+09
5.149218E+07   1.333452E+09
5.160480E+07   1.324045E+09
5.171743E+07   1.314697E+09
5.183005E+07   1.305409E+09
5.194268E+07   1.296179E+09
5.205530E+07   1.287008E+09
5.216793E+07   1.277895E+09
5.228055E+07   1.268841E+09
5.239318E+07   1.259843E+09
5.250580E+07   1.250904E+09
5.261843E+07   1.242021E+09
5.273105E+07   1.233195E+09
5.284368E+07   1.224426E+09
5.295630E+07   1.215712E+09
5.306893E+07   1.207055E+09
5.318155E+07   1.198453E+09
5.329418E+07   1.189907E+09
5.340681E+07   1.181416E+09
5.351943E+07   1.172980E+09
5.363206E+07   1.164598E+09
5.374468E+07   1.156270E+09
5.385731E+07   1.147996E+09
5.396993E+07   1.139776E+09
5.408256E+07   1.131609E+09
5.419518E+07   1.123496E+09
5.430781E+07   1.115435E+09
5.442043E+07   1.107426E+09
5.453306E+07   1.099470E+09
5.464568E+07   1.091566E+09
5.475831E+07   1.083714E+09
5.487093E+07   1.075913E+09
5.498356E+07   1.068163E+09
5.509618E+07   1.060464E+09
5.520881E+07   1.052815E+09
5.532143E+07   1.045217E+09
5.543406E+07   1.037669E+09
5.554668E+07   1.030170E+09
5.565931E+07   1.022721E+09
5.577193E+07   1.015321E+09
5.588456E+07   1.007971E+09
5.599718E+07   1.000668E+09
5.610981E+07   9.934145E+08
5.622243E+07   9.862089E+08
5.633506E+07   9.790510E+08
5.644768E+07   9.719408E+08
5.656031E+07   9.648778E+08
5.667293E+07   9.578619E+08
5.678556E+07   9.508928E+08
5.689818E+07   9.439702E+08
5.701081E+07   9.370939E+08
5.712343E+07   9.302635E+08
5.723606E+07   9.234789E+08
5.734868E+07   9.167397E+08
5.746131E+07   9.100458E+08
5.757393E+07   9.033968E+08
5.768656E+07   8.967924E+08
5.779918E+07   8.902326E+08
5.791181E+07   8.837168E+08
5.802443E+07   8.772451E+08
5.813706E+07   8.708169E+08
5.824968E+07   8.644322E+08
5.836231E+07   8.580906E+08
5.847493E+07   8.517920E+08
5.858756E+07   8.455360E+08
5.870018E+07   8.393224E+08
5.881281E+07   8.331509E+08
5.892543E+07   8.270214E+08
5.903806E+07   8.209335E+08
5.915068E+07   8.148870E+08
5.926331E+07   8.088817E+08
5.937593E+07   8.029173E+08
5.948856E+07   7.969936E+08
5.960118E+07   7.911103E+08
5.971381E+07   7.852672E+08
5.982643E+07   7.794640E+08
5.993906E+07   7.737006E+08
6.005168E+07   7.679767E+08
6.016431E+07   7.622919E+08
6.027693E+07   7.566462E+08
6.038956E+07   7.510393E+08
6.050218E+07   7.454708E+08
6.061481E+07   7.399407E+08
6.072743E+07   7.344486E+08
6.084006E+07   7.289944E+08
6.095268E+07   7.235777E+08
6.106531E+07   7.181985E+08
6.117793E+07   7.128563E+08
6.129056E+07   7.075511E+08
6.140318E+07   7.022826E+08
6.151581E+07   6.970505E+08
6.162843E+07   6.918547E+08
6.174106E+07   6.866949E+08
6.185368E+07   6.815708E+08
6.196631E+07   6.764824E+08
6.207893E+07   6.714293E+08
6.219156E+07   6.664113E+08
6.230419E+07   6.614282E+08
6.241681E+07   6.564798E+08
6.252944E+07   6.515659E+08
6.264206E+07   6.466862E+08
6.275469E+07   6.418406E+08
6.286731E+07   6.370289E+08
6.297994E+07   6.322507E+08
6.309256E+07   6.275060E+08
6.320519E+07   6.227944E+08
6.331781E+07   6.181159E+08
6.343044E+07   6.134701E+08
6.354306E+07   6.088569E+08
6.365569E+07   6.042760E+08
6.376831E+07   5.997274E+08
6.388094E+07   5.952107E+08
6.399356E+07   5.907257E+08
6.410619E+07   5.862723E+08
6.421881E+07   5.818502E+08
6.433144E+07   5.774593E+08
6.444406E+07   5.730993E+08
6.455669E+07   5.687701E+08
6.466931E+07   5.644715E+08
6.478194E+07   5.602032E+08
6.489456E+07   5.559650E+08
6.500719E+07   5.517569E+08
6.511981E+07   5.475785E+08
6.523244E+07   5.434297E+08
6.534506E+07   5.393103E+08
6.545769E+07   5.352201E+08
6.557031E+07   5.311589E+08
6.568294E+07   5.271265E+08
6.579556E+07   5.231228E+08
6.590819E+07   5.191475E+08
6.602081E+07   5.152005E+08
6.613344E+07   5.112816E+08
6.624606E+07   5.073906E+08
6.635869E+07   5.035273E+08
6.647131E+07   4.996915E+08
6.658394E+07   4.958831E+08
6.669656E+07   4.921019E+08
6.680919E+07   4.883476E+08
6.692181E+07   4.846202E+08
6.703444E+07   4.809195E+08
6.714706E+07   4.772452E+08
6.725969E+07   4.735972E+08
6.737231E+07   4.699753E+08
6.748494E+07   4.663794E+08
6.759756E+07   4.628092E+08
6.771019E+07   4.592647E+08
6.782281E+07   4.557456E+08
6.793544E+07   4.522517E+08
6.804806E+07   4.487830E+08
6.816069E+07   4.453392E+08
6.827331E+07   4.419202E+08
6.838594E+07   4.385257E+08
6.849856E+07   4.351557E+08
6.861119E+07   4.318100E+08
6.872381E+07   4.284884E+08
6.883644E+07   4.251908E+08
6.894906E+07   4.219170E+08
6.906169E+07   4.186667E+08
6.917431E+07   4.154400E+08
6.928694E+07   4.122366E+08
6.939956E+07   4.090563E+08
6.951219E+07   4.058991E+08
6.962481E+07   4.027647E+08
6.973744E+07   3.996530E+08
6.985006E+07   3.965638E+08
6.996269E+07   3.934971E+08
7.007531E+07   3.904526E+08
7.018794E+07   3.874301E+08
7.030056E+07   3.844297E+08
7.041319E+07   3.814510E+08
7.052581E+07   3.784939E+08
7.063844E+07   3.755584E+08
7.075106E+07   3.726442E+08
7.086369E+07   3.697512E+08
7.097631E+07   3.668793E+08
7.108894E+07   3.640283E+08
7.120157E+07   3.611980E+08
7.131419E+07   3.583885E+08
7.142682E+07   3.555994E+08
7.153944E+07   3.528306E+08
7.165207E+07   3.500821E+08
7.176469E+07   3.473537E+08
7.187732E+07   3.446452E+08
7.198994E+07   3.419565E+08
7.210257E+07   3.392875E+08
7.221519E+07   3.366380E+08
7.232782E+07   3.340079E+08
7.244044E+07   3.313971E+08
7.255307E+07   3.288055E+08
7.266569E+07   3.262328E+08
7.277832E+07   3.236790E+08
7.289094E+07   3.211439E+08
7.300357E+07   3.186275E+08
7.311619E+07   3.161295E+08
7.322882E+07   3.136499E+08
7.334144E+07   3.111886E+08
7.345407E+07   3.087453E+08
7.356669E+07   3.063200E+08
7.367932E+07   3.039126E+08
7.379194E+07   3.015229E+08
7.390457E+07   2.991508E+08
7.401719E+07   2.967962E+08
7.412982E+07   2.944590E+08
7.424244E+07   2.921390E+08
7.435507E+07   2.898362E+08
7.446769E+07   2.875503E+08
7.458032E+07   2.852814E+08
7.469294E+07   2.830292E+08
7.480557E+07   2.807936E+08
7.491819E+07   2.785746E+08
7.503082E+07   2.763721E+08
7.514344E+07   2.741858E+08
7.525607E+07   2.720157E+08
7.536869E+07   2.698618E+08
7.548132E+07   2.677237E+08
7.559394E+07   2.656016E+08
7.570657E+07   2.634952E+08
7.581919E+07   2.614044E+08
7.593182E+07   2.593291E+08
7.604444E+07   2.572693E+08
7.615707E+07   2.552248E+08
7.626969E+07   2.531955E+08
7.638232E+07   2.511812E+08
7.649494E+07   2.491820E+08
7.660757E+07   2.471977E+08
7.672019E+07   2.452281E+08
7.683282E+07   2.432732E+08
7.694544E+07   2.413329E+08
7.705807E+07   2.394070E+08
7.717069E+07   2.374955E+08
7.728332E+07   2.355983E+08
7.739594E+07   2.337153E+08
7.750857E+07   2.318463E+08
7.762119E+07   2.299913E+08
7.773382E+07   2.281501E+08
7.784644E+07   2.263227E+08
7.795907E+07   2.245090E+08
7.807169E+07   2.227089E+08
7.818432E+07   2.209222E+08
7.829694E+07   2.191489E+08
7.840957E+07   2.173890E+08
7.852219E+07   2.156422E+08
7.863482E+07   2.139085E+08
7.874744E+07   2.121878E+08
7.886007E+07   2.104801E+08
7.897269E+07   2.087851E+08
7.908532E+07   2.071029E+08
7.919794E+07   2.054333E+08
7.931057E+07   2.037763E+08
7.942319E+07   2.021318E+08
7.953582E+07   2.004996E+08
7.964844E+07   1.988797E+08
7.976107E+07   1.972720E+08
7.987370E+07   1.956765E+08
7.998632E+07   1.940929E+08
8.009895E+07   1.925213E+08
8.021157E+07   1.909615E+08
8.032420E+07   1.894136E+08
8.043682E+07   1.878773E+08
8.054945E+07   1.863525E+08
8.066207E+07   1.848394E+08
8.077470E+07   1.833376E+08
8.088732E+07   1.818472E+08
8.099995E+07   1.803681E+08
8.111257E+07   1.789002E+08
8.122520E+07   1.774434E+08
8.133782E+07   1.759976E+08
8.145045E+07   1.745628E+08
8.156307E+07   1.731388E+08
8.167570E+07   1.717256E+08
8.178832E+07   1.703232E+08
8.190095E+07   1.689314E+08
8.201357E+07   1.675502E+08
8.212620E+07   1.661794E+08
8.223882E+07   1.648191E+08
8.235145E+07   1.634691E+08
8.246407E+07   1.621294E+08
8.257670E+07   1.607999E+08
8.268932E+07   1.594805E+08
8.280195E+07   1.581711E+08
8.291457E+07   1.568717E+08
8.302720E+07   1.555822E+08
8.313982E+07   1.543025E+08
8.325245E+07   1.530326E+08
8.336507E+07   1.517724E+08
8.347770E+07   1.505218E+08
8.359032E+07   1.492807E+08
8.370295E+07   1.480491E+08
8.381557E+07   1.468269E+08
8.392820E+07   1.456141E+08
8.404082E+07   1.444105E+08
8.415345E+07   1.432162E+08
8.426607E+07   1.420310E+08
8.437870E+07   1.408549E+08
8.449132E+07   1.396877E+08
8.460395E+07   1.385295E+08
8.471657E+07   1.373802E+08
8.482920E+07   1.362397E+08
8.494182E+07   1.351080E+08
8.505445E+07   1.339849E+08
8.516707E+07   1.328705E+08
8.527970E+07   1.317646E+08
8.539232E+07   1.306673E+08
8.550495E+07   1.295783E+08
8.561757E+07   1.284978E+08
8.573020E+07   1.274255E+08
8.584282E+07   1.263615E+08
8.595545E+07   1.253057E+08
8.606807E+07   1.242581E+08
8.618070E+07   1.232185E+08
8.629332E+07   1.221869E+08
8.640595E+07   1.211633E+08
8.651857E+07   1.201475E+08
8.663120E+07   1.191397E+08
8.674382E+07   1.181396E+08
8.685645E+07   1.171472E+08
8.696907E+07   1.161625E+08
8.708170E+07   1.151854E+08
8.719432E+07   1.142159E+08
8.730695E+07   1.132539E+08
8.741957E+07   1.122993E+08
8.753220E+07   1.113522E+08
8.764482E+07   1.104123E+08
8.775745E+07   1.094798E+08
8.787007E+07   1.085545E+08
8.798270E+07   1.076364E+08
8.809532E+07   1.067254E+08
8.820795E+07   1.058214E+08
8.832057E+07   1.049245E+08
8.843320E+07   1.040346E+08
8.854582E+07   1.031516E+08
8.865845E+07   1.022755E+08
8.877108E+07   1.014062E+08
8.888370E+07   1.005436E+08
8.899633E+07   9.968779E+07
8.910895E+07   9.883864E+07
8.922158E+07   9.799611E+07
8.933420E+07   9.716016E+07
8.944683E+07   9.633073E+07
8.955945E+07   9.550777E+07
8.967208E+07   9.469125E+07
8.978470E+07   9.388111E+07
8.989733E+07   9.307730E+07
9.000995E+07   9.227979E+07
9.012258E+07   9.148851E+07
9.023520E+07   9.070343E+07
9.034783E+07   8.992451E+07
9.046045E+07   8.915168E+07
9.057308E+07   8.838492E+07
9.068570E+07   8.762418E+07
9.079833E+07   8.686940E+07
9.091095E+07   8.612055E+07
9.102358E+07   8.537759E+07
9.113620E+07   8.464047E+07
9.124883E+07   8.390914E+07
9.136145E+07   8.318357E+07
9.147408E+07   8.246371E+07
9.158670E+07   8.174952E+07
9.169933E+07   8.104095E+07
9.181195E+07   8.033798E+07
9.192458E+07   7.964054E+07
9.203720E+07   7.894861E+07
9.214983E+07   7.826215E+07
9.226245E+07   7.758110E+07
9.237508E+07   7.690544E+07
9.248770E+07   7.623512E+07
9.260033E+07   7.557010E+07
9.271295E+07   7.491035E+07
9.282558E+07   7.425582E+07
9.293820E+07   7.360648E+07
9.305083E+07   7.296228E+07
9.316345E+07   7.232319E+07
9.327608E+07   7.168918E+07
9.338870E+07   7.106020E+07
9.350133E+07   7.043621E+07
9.361395E+07   6.981718E+07
9.372658E+07   6.920308E+07
9.383920E+07   6.859386E+07
9.395183E+07   6.798949E+07
9.406445E+07   6.738993E+07
9.417708E+07   6.679515E+07
9.428970E+07   6.620511E+07
9.440233E+07   6.561978E+07
9.451495E+07   6.503912E+07
9.462758E+07   6.446310E+07
9.474020E+07   6.389168E+07
9.485283E+07   6.332482E+07
9.496545E+07   6.276251E+07
9.507808E+07   6.220469E+07
9.519070E+07   6.165133E+07
9.530333E+07   6.110242E+07
9.541595E+07   6.055790E+07
9.552858E+07   6.001774E+07
9.564120E+07   5.948193E+07
9.575383E+07   5.895041E+07
9.586645E+07   5.842317E+07
9.597908E+07   5.790016E+07
9.609170E+07   5.738136E+07
9.620433E+07   5.686674E+07
9.631695E+07   5.635626E+07
9.642958E+07   5.584989E+07
9.654220E+07   5.534760E+07
9.665483E+07   5.484937E+07
9.676745E+07   5.435516E+07
9.688008E+07   5.386493E+07
9.699270E+07   5.337867E+07
9.710533E+07   5.289635E+07
9.721795E+07   5.241792E+07
9.733058E+07   5.194337E+07
9.744320E+07   5.147266E+07
9.755583E+07   5.100576E+07
9.766846E+07   5.054265E+07
9.778108E+07   5.008330E+07
9.789371E+07   4.962768E+07
9.800633E+07   4.917576E+07
9.811896E+07   4.872752E+07
9.823158E+07   4.828292E+07
9.834421E+07   4.784194E+07
9.845683E+07   4.740455E+07
9.856946E+07   4.697073E+07
9.868208E+07   4.654044E+07
9.879471E+07   4.611367E+07
9.890733E+07   4.569038E+07
9.901996E+07   4.527055E+07
9.913258E+07   4.485415E+07
9.924521E+07   4.444116E+07
9.935783E+07   4.403155E+07
9.947046E+07   4.362530E+07
9.958308E+07   4.322237E+07
9.969571E+07   4.282275E+07
9.980833E+07   4.242641E+07
9.992096E+07   4.203333E+07
1.000336E+08   4.164348E+07
1.001462E+08   4.125683E+07
1.002588E+08   4.087337E+07
1.003715E+08   4.049306E+07
1.004841E+08   4.011589E+07
1.005967E+08   3.974183E+07
1.007093E+08   3.937085E+07
1.008220E+08   3.900294E+07
1.009346E+08   3.863808E+07
1.010472E+08   3.827622E+07
1.011598E+08   3.791737E+07
1.012725E+08   3.756148E+07
1.013851E+08   3.720855E+07
1.014977E+08   3.685854E+07
1.016103E+08   3.651143E+07
1.017230E+08   3.616721E+07
1.018356E+08   3.582585E+07
1.019482E+08   3.548733E+07
1.020608E+08   3.515163E+07
1.021735E+08   3.481872E+07
1.022861E+08   3.448859E+07
1.023987E+08   3.416122E+07
1.025113E+08   3.383657E+07
1.026240E+08   3.351464E+07
1.027366E+08   3.319540E+07
1.028492E+08   3.287883E+07
1.029618E+08   3.256491E+07
1.030745E+08   3.225363E+07
1.031871E+08   3.194495E+07
1.032997E+08   3.163886E+07
1.034123E+08   3.133535E+07
1.035250E+08   3.103439E+07
1.036376E+08   3.073596E+07
1.037502E+08   3.044004E+07
1.038628E+08   3.014661E+07
1.039755E+08   2.985566E+07
1.040881E+08   2.956717E+07
1.042007E+08   2.928111E+07
1.043133E+08   2.899747E+07
1.044260E+08   2.871623E+07
1.045386E+08   2.843737E+07
1.046512E+08   2.816087E+07
1.047638E+08   2.788672E+07
1.048765E+08   2.761489E+07
1.049891E+08   2.734538E+07
1.051017E+08   2.707815E+07
1.052143E+08   2.681320E+07
1.053270E+08   2.655051E+07
1.054396E+08   2.629006E+07
1.055522E+08   2.603182E+07
1.056648E+08   2.577580E+07
1.057775E+08   2.552196E+07
1.058901E+08   2.527029E+07
1.060027E+08   2.502077E+07
1.061153E+08   2.477340E+07
1.062280E+08   2.452814E+07
1.063406E+08   2.428500E+07
1.064532E+08   2.404394E+07
1.065658E+08   2.380495E+07
1.066785E+08   2.356802E+07
1.067911E+08   2.333313E+07
1.069037E+08   2.310026E+07
1.070163E+08   2.286941E+07
1.071290E+08   2.264055E+07
1.072416E+08   2.241367E+07
1.073542E+08   2.218875E+07
1.074668E+08   2.196578E+07
1.075795E+08   2.174474E+07
1.076921E+08   2.152563E+07
1.078047E+08   2.130841E+07
1.079173E+08   2.109308E+07
1.080300E+08   2.087963E+07
1.081426E+08   2.066804E+07
1.082552E+08   2.045829E+07
1.083678E+08   2.025038E+07
1.084805E+08   2.004428E+07
1.085931E+08   1.983998E+07
1.087057E+08   1.963747E+07
1.088183E+08   1.943674E+07
1.089310E+08   1.923777E+07
1.090436E+08   1.904054E+07
1.091562E+08   1.884505E+07
1.092688E+08   1.865128E+07
1.093815E+08   1.845921E+07
1.094941E+08   1.826884E+07
1.096067E+08   1.808015E+07
1.097193E+08   1.789312E+07
1.098320E+08   1.770775E+07
1.099446E+08   1.752403E+07
1.100572E+08   1.734193E+07
1.101698E+08   1.716144E+07
1.102825E+08   1.698256E+07
1.103951E+08   1.680527E+07
1.105077E+08   1.662956E+07
1.106203E+08   1.645541E+07
1.107330E+08   1.628282E+07
1.108456E+08   1.611176E+07
1.109582E+08   1.594224E+07
1.110708E+08   1.577423E+07
1.111835E+08   1.560773E+07
1.112961E+08   1.544273E+07
1.114087E+08   1.527920E+07
1.115213E+08   1.511715E+07
1.116340E+08   1.495655E+07
1.117466E+08   1.479740E+07
1.118592E+08   1.463969E+07
1.119718E+08   1.448340E+07
1.120845E+08   1.432853E+07
1.121971E+08   1.417505E+07
1.123097E+08   1.402297E+07
1.124223E+08   1.387227E+07
1.125350E+08   1.372293E+07
1.126476E+08   1.357496E+07
1.127602E+08   1.342833E+07
1.128728E+08   1.328304E+07
1.129855E+08   1.313908E+07
1.130981E+08   1.299643E+07
1.132107E+08   1.285509E+07
1.133233E+08   1.271504E+07
1.134360E+08   1.257628E+07
1.135486E+08   1.243879E+07
1.136612E+08   1.230256E+07
1.137738E+08   1.216760E+07
1.138865E+08   1.203387E+07
1.139991E+08   1.190138E+07
1.141117E+08   1.177012E+07
1.142243E+08   1.164006E+07
1.143370E+08   1.151122E+07
1.144496E+08   1.138357E+07
1.145622E+08   1.125711E+07
1.146748E+08   1.113182E+07
1.147875E+08   1.100770E+07
1.149001E+08   1.088474E+07
1.150127E+08   1.076293E+07
1.151253E+08   1.064225E+07
1.152380E+08   1.052271E+07
1.153506E+08   1.040429E+07
1.154632E+08   1.028698E+07
1.155758E+08   1.017077E+07
1.156885E+08   1.005566E+07
1.158011E+08   9.941635E+06
1.159137E+08   9.828686E+06
1.160263E+08   9.716806E+06
1.161390E+08   9.605985E+06
1.162516E+08   9.496215E+06
1.163642E+08   9.387488E+06
1.164768E+08   9.279795E+06
1.165895E+08   9.173128E+06
1.167021E+08   9.067479E+06
1.168147E+08   8.962839E+06
1.169273E+08   8.859200E+06
1.170400E+08   8.756554E+06
1.171526E+08   8.654894E+06
1.172652E+08   8.554210E+06
1.173778E+08   8.454495E+06
1.174905E+08   8.355742E+06
1.176031E+08   8.257942E+06
1.177157E+08   8.161088E+06
1.178283E+08   8.065172E+06
1.179410E+08   7.970186E+06
1.180536E+08   7.876123E+06
1.181662E+08   7.782975E+06
1.182788E+08   7.690735E+06
1.183915E+08   7.599395E+06
1.185041E+08   7.508948E+06
1.186167E+08   7.419386E+06
1.187293E+08   7.330703E+06
1.188420E+08   7.242891E+06
1.189546E+08   7.155943E+06
1.190672E+08   7.069852E+06
1.191798E+08   6.984611E+06
1.192925E+08   6.900213E+06
1.194051E+08   6.816650E+06
1.195177E+08   6.733917E+06
1.196303E+08   6.652006E+06
1.197430E+08   6.570910E+06
1.198556E+08   6.490623E+06
1.199682E+08   6.411137E+06
1.200808E+08   6.332447E+06
1.201935E+08   6.254546E+06
1.203061E+08   6.177427E+06
1.204187E+08   6.101084E+06
1.205313E+08   6.025510E+06
1.206440E+08   5.950698E+06
1.207566E+08   5.876644E+06
1.208692E+08   5.803339E+06
1.209818E+08   5.730778E+06
1.210945E+08   5.658955E+06
1.212071E+08   5.587864E+06
1.213197E+08   5.517498E+06
1.214323E+08   5.447851E+06
1.215450E+08   5.378918E+06
1.216576E+08   5.310692E+06
1.217702E+08   5.243167E+06
1.218828E+08   5.176338E+06
1.219955E+08   5.110198E+06
1.221081E+08   5.044742E+06
1.222207E+08   4.979964E+06
1.223333E+08   4.915859E+06
1.224460E+08   4.852420E+06
1.225586E+08   4.789643E+06
1.226712E+08   4.727520E+06
1.227838E+08   4.666048E+06
1.228965E+08   4.605219E+06
1.230091E+08   4.545030E+06
1.231217E+08   4.485474E+06
1.232343E+08   4.426546E+06
1.233470E+08   4.368241E+06
1.234596E+08   4.310553E+06
1.235722E+08   4.253477E+06
1.236848E+08   4.197008E+06
1.237975E+08   4.141141E+06
1.239101E+08   4.085870E+06
1.240227E+08   4.031191E+06
1.241353E+08   3.977097E+06
1.242480E+08   3.923585E+06
1.243606E+08   3.870649E+06
1.244732E+08   3.818285E+06
1.245858E+08   3.766487E+06
1.246985E+08   3.715250E+06
1.248111E+08   3.664570E+06
1.249237E+08   3.614441E+06
1.250363E+08   3.564860E+06
1.251490E+08   3.515820E+06
1.252616E+08   3.467318E+06
1.253742E+08   3.419349E+06
1.254868E+08   3.371908E+06
1.255995E+08   3.324991E+06
1.257121E+08   3.278592E+06
1.258247E+08   3.232708E+06
1.259373E+08   3.187334E+06
1.260500E+08   3.142465E+06
1.261626E+08   3.098098E+06
1.262752E+08   3.054226E+06
1.263878E+08   3.010847E+06
1.265005E+08   2.967956E+06
1.266131E+08   2.925548E+06
1.267257E+08   2.883620E+06
1.268383E+08   2.842166E+06
1.269510E+08   2.801184E+06
1.270636E+08   2.760668E+06
1.271762E+08   2.720614E+06
1.272888E+08   2.681019E+06
1.274015E+08   2.641877E+06
1.275141E+08   2.603186E+06
1.276267E+08   2.564941E+06
1.277393E+08   2.527139E+06
1.278520E+08   2.489774E+06
1.279646E+08   2.452843E+06
1.280772E+08   2.416343E+06
1.281898E+08   2.380269E+06
1.283025E+08   2.344618E+06
1.284151E+08   2.309385E+06
1.285277E+08   2.274568E+06
1.286403E+08   2.240161E+06
1.287530E+08   2.206162E+06
1.288656E+08   2.172567E+06
1.289782E+08   2.139371E+06
1.290908E+08   2.106572E+06
1.292035E+08   2.074166E+06
1.293161E+08   2.042148E+06
1.294287E+08   2.010516E+06
1.295413E+08   1.979267E+06
1.296540E+08   1.948395E+06
1.297666E+08   1.917899E+06
1.298792E+08   1.887774E+06
1.299918E+08   1.858017E+06
1.301045E+08   1.828625E+06
1.302171E+08   1.799594E+06
1.303297E+08   1.770920E+06
1.304423E+08   1.742602E+06
1.305550E+08   1.714634E+06
1.306676E+08   1.687014E+06
1.307802E+08   1.659739E+06
1.308928E+08   1.632806E+06
1.310055E+08   1.606210E+06
1.311181E+08   1.579950E+06
1.312307E+08   1.554021E+06
1.313433E+08   1.528421E+06
1.314560E+08   1.503146E+06
1.315686E+08   1.478194E+06
1.316812E+08   1.453561E+06
1.317938E+08   1.429245E+06
1.319065E+08   1.405242E+06
1.320191E+08   1.381548E+06
1.321317E+08   1.358163E+06
1.322443E+08   1.335081E+06
1.323570E+08   1.312301E+06
1.324696E+08   1.289819E+06
1.325822E+08   1.267633E+06
1.326948E+08   1.245740E+06
1.328075E+08   1.224136E+06
1.329201E+08   1.202819E+06
1.330327E+08   1.181787E+06
1.331454E+08   1.161036E+06
1.332580E+08   1.140563E+06
1.333706E+08   1.120366E+06
1.334832E+08   1.100443E+06
1.335959E+08   1.080789E+06
1.337085E+08   1.061404E+06
1.338211E+08   1.042284E+06
1.339337E+08   1.023426E+06
1.340464E+08   1.004827E+06
1.341590E+08   9.864864E+05
1.342716E+08   9.684000E+05
1.343842E+08   9.505656E+05
1.344969E+08   9.329808E+05
1.346095E+08   9.156429E+05
1.347221E+08   8.985494E+05
1.348347E+08   8.816979E+05
1.349474E+08   8.650858E+05
1.350600E+08   8.487109E+05
1.351726E+08   8.325705E+05
1.352852E+08   8.166623E+05
1.353979E+08   8.009838E+05
1.355105E+08   7.855328E+05
1.356231E+08   7.703069E+05
1.357357E+08   7.553036E+05
1.358484E+08   7.405207E+05
1.359610E+08   7.259559E+05
1.360736E+08   7.116069E+05
1.361862E+08   6.974713E+05
1.362989E+08   6.835471E+05
1.364115E+08   6.698318E+05
1.365241E+08   6.563233E+05
1.366367E+08   6.430194E+05
1.367494E+08   6.299180E+05
1.368620E+08   6.170167E+05
1.369746E+08   6.043135E+05
1.370872E+08   5.918063E+05
1.371999E+08   5.794928E+05
1.373125E+08   5.673711E+05
1.374251E+08   5.554390E+05
1.375377E+08   5.436944E+05
1.376504E+08   5.321353E+05
1.377630E+08   5.207597E+05
1.378756E+08   5.095655E+05
1.379882E+08   4.985507E+05
1.381009E+08   4.877133E+05
1.382135E+08   4.770513E+05
1.383261E+08   4.665628E+05
1.384387E+08   4.562458E+05
1.385514E+08   4.460984E+05
1.386640E+08   4.361187E+05
1.387766E+08   4.263047E+05
1.388892E+08   4.166546E+05
1.390019E+08   4.071664E+05
1.391145E+08   3.978384E+05
1.392271E+08   3.886687E+05
1.393397E+08   3.796554E+05
1.394524E+08   3.707967E+05
1.395650E+08   3.620908E+05
1.396776E+08   3.535360E+05
1.397902E+08   3.451304E+05
1.399029E+08   3.368723E+05
1.400155E+08   3.287599E+05
1.401281E+08   3.207915E+05
1.402407E+08   3.129654E+05
1.403534E+08   3.052799E+05
1.404660E+08   2.977332E+05
1.405786E+08   2.903237E+05
1.406912E+08   2.830497E+05
1.408039E+08   2.759095E+05
1.409165E+08   2.689016E+05
1.410291E+08   2.620242E+05
1.411417E+08   2.552758E+05
1.412544E+08   2.486547E+05
1.413670E+08   2.421593E+05
1.414796E+08   2.357882E+05
1.415922E+08   2.295396E+05
1.417049E+08   2.234120E+05
1.418175E+08   2.174040E+05
1.419301E+08   2.115139E+05
1.420427E+08   2.057402E+05
1.421554E+08   2.000815E+05
1.422680E+08   1.945362E+05
1.423806E+08   1.891028E+05
1.424932E+08   1.837798E+05
1.426059E+08   1.785659E+05
1.427185E+08   1.734595E+05
1.428311E+08   1.684592E+05
1.429437E+08   1.635636E+05
1.430564E+08   1.587713E+05
1.431690E+08   1.540808E+05
1.432816E+08   1.494907E+05
1.433942E+08   1.449997E+05
1.435069E+08   1.406064E+05
1.436195E+08   1.363094E+05
1.437321E+08   1.321074E+05
1.438447E+08   1.279990E+05
1.439574E+08   1.239829E+05
1.440700E+08   1.200578E+05
1.441826E+08   1.162223E+05
1.442952E+08   1.124752E+05
1.444079E+08   1.088152E+05
1.445205E+08   1.052409E+05
1.446331E+08   1.017512E+05
1.447457E+08   9.834474E+04
1.448584E+08   9.502027E+04
1.449710E+08   9.177657E+04
1.450836E+08   8.861239E+04
1.451962E+08   8.552653E+04
1.453089E+08   8.251777E+04
1.454215E+08   7.958491E+04
1.455341E+08   7.672675E+04
1.456467E+08   7.394211E+04
1.457594E+08   7.122982E+04
1.458720E+08   6.858871E+04
1.459846E+08   6.601763E+04
1.460972E+08   6.351543E+04
1.462099E+08   6.108097E+04
1.463225E+08   5.871313E+04
1.464351E+08   5.641078E+04
1.465477E+08   5.417283E+04
1.466604E+08   5.199815E+04
1.467730E+08   4.988567E+04
1.468856E+08   4.783430E+04
1.469982E+08   4.584297E+04
1.471109E+08   4.391060E+04
1.472235E+08   4.203614E+04
1.473361E+08   4.021854E+04
1.474487E+08   3.845675E+04
1.475614E+08   3.674976E+04
1.476740E+08   3.509652E+04
1.477866E+08   3.349603E+04
1.478992E+08   3.194728E+04
1.480119E+08   3.044927E+04
1.481245E+08   2.900099E+04
1.482371E+08   2.760149E+04
1.483497E+08   2.624976E+04
1.484624E+08   2.494486E+04
1.485750E+08   2.368581E+04
1.486876E+08   2.247166E+04
1.488002E+08   2.130147E+04
1.489129E+08   2.017431E+04
1.490255E+08   1.908924E+04
1.491381E+08   1.804534E+04
1.492507E+08   1.704170E+04
1.493634E+08   1.607740E+04
1.494760E+08   1.515156E+04
1.495886E+08   1.426327E+04
1.497012E+08   1.341165E+04
1.498139E+08   1.259583E+04
1.499265E+08   1.181493E+04
1.500391E+08   1.106809E+04
1.501517E+08   1.035445E+04
1.502644E+08   9.673173E+03
1.503770E+08   9.023401E+03
1.504896E+08   8.404306E+03
1.506022E+08   7.815057E+03
1.507149E+08   7.254833E+03
1.508275E+08   6.722819E+03
1.509401E+08   6.218205E+03
1.510527E+08   5.740191E+03
1.511654E+08   5.287981E+03
1.512780E+08   4.860787E+03
1.513906E+08   4.457826E+03
1.515032E+08   4.078323E+03
1.516159E+08   3.721508E+03
1.517285E+08   3.386620E+03
1.518411E+08   3.072900E+03
1.519537E+08   2.779600E+03
1.520664E+08   2.505975E+03
1.521790E+08   2.251288E+03
1.522916E+08   2.014807E+03
1.524042E+08   1.795807E+03
1.525169E+08   1.593567E+03
1.526295E+08   1.407376E+03
1.527421E+08   1.236525E+03
1.528547E+08   1.080313E+03
1.529674E+08   9.380445E+02
1.530800E+08   8.090300E+02
1.531926E+08   6.925854E+02
1.533052E+08   5.880327E+02
1.534179E+08   4.946995E+02
1.535305E+08   4.119191E+02
1.536431E+08   3.390304E+02
1.537557E+08   2.753781E+02
1.538684E+08   2.203121E+02
1.539810E+08   1.731882E+02
1.540936E+08   1.333674E+02
1.542062E+08   1.002164E+02
1.543189E+08   7.310710E+01
1.544315E+08   5.141683E+01
1.545441E+08   3.452826E+01
1.546567E+08   2.182934E+01
1.547694E+08   1.271326E+01
1.548820E+08   6.578425E+00
1.549946E+08   2.828426E+00
1.551072E+08   1.000000E+00
1.552199E+08   1.000000E+00
1.553325E+08   1.000000E+00
1.631109E+08   1.000000E+00
1.712665E+08   1.000000E+00
1.798298E+08   1.000000E+00
1.888213E+08   1.000000E+00
1.982624E+08   1.000000E+00
2.081755E+08   1.000000E+00
2.185843E+08   1.000000E+00
2.295135E+08   1.000000E+00
2.409891E+08   1.000000E+00
2.530386E+08   1.000000E+00
2.656905E+08   1.000000E+00
2.789751E+08   1.000000E+00
2.929238E+08   1.000000E+00
3.075700E+08   1.000000E+00
3.229485E+08   1.000000E+00
3.390959E+08   1.000000E+00
3.560507E+08   1.000000E+00
3.738533E+08   1.000000E+00
3.925459E+08   1.000000E+00
4.121732E+08   1.000000E+00
